5.332999825477600098e-01
6.456999778747558594e-01
6.901999711990356445e-01
7.050999999046325684e-01
7.196999788284301758e-01
7.362999916076660156e-01
7.429999709129333496e-01
7.523000240325927734e-01
7.590000033378601074e-01
7.634000182151794434e-01
7.688000202178955078e-01
7.713999748229980469e-01
7.728000283241271973e-01
7.796999812126159668e-01
7.835999727249145508e-01
7.864000201225280762e-01
7.900999784469604492e-01
7.903000116348266602e-01
7.915999889373779297e-01
7.965000271797180176e-01
7.986999750137329102e-01
8.062999844551086426e-01
8.044999837875366211e-01
8.050000071525573730e-01
8.058000206947326660e-01
8.101999759674072266e-01
8.111000061035156250e-01
8.151000142097473145e-01
8.151999711990356445e-01
8.216999769210815430e-01
8.191000223159790039e-01
8.187000155448913574e-01
8.222000002861022949e-01
8.267999887466430664e-01
8.227999806404113770e-01
8.255000114440917969e-01
8.252000212669372559e-01
8.284999728202819824e-01
8.313999772071838379e-01
8.337000012397766113e-01
8.349000215530395508e-01
8.350999951362609863e-01
8.343999981880187988e-01
8.403000235557556152e-01
8.391000032424926758e-01
8.395000100135803223e-01
8.424000144004821777e-01
8.389999866485595703e-01
8.432999849319458008e-01
8.461999893188476562e-01
