3.706594208526611478e+00
3.572431481170654344e+00
3.489269890213012815e+00
3.431684058380127134e+00
3.391283766937255972e+00
3.355133872985839982e+00
3.330751050186157247e+00
3.305944495773315506e+00
3.287396578979492112e+00
3.266383932495117381e+00
3.247365470886230288e+00
3.228505310058593647e+00
3.211815503311157283e+00
3.196088051605224578e+00
3.179599598312377928e+00
3.163103693771362135e+00
3.148847423934936440e+00
3.135545141601562502e+00
3.120405986785888874e+00
3.104732865905761585e+00
3.092714050292968864e+00
3.082326113891601604e+00
3.071011815643310605e+00
3.056355441284179797e+00
3.045153170776367269e+00
3.034848965835571288e+00
3.024082742309570193e+00
3.012495661926269719e+00
3.005589239501953003e+00
2.993827865219116369e+00
2.982468199157714661e+00
2.978825337219238367e+00
2.967791180801391704e+00
2.954761433410644678e+00
2.949185083770752058e+00
2.937389062118530347e+00
2.929930818176269547e+00
2.921391839981079208e+00
2.911670057296753100e+00
2.906295993041992265e+00
2.896070543289184673e+00
2.888925253295898443e+00
2.878003025054931552e+00
2.875367994689941309e+00
2.864995740509033162e+00
2.857315110778808620e+00
2.849772462081909374e+00
2.842436287689209085e+00
2.835923474121093690e+00
2.824447457122802874e+00
