3.797365007781982271e+00
3.716092822265625095e+00
3.690330543899535964e+00
3.672490561676025500e+00
3.656040154266357423e+00
3.640424185180664018e+00
3.626119233703613443e+00
3.612945771408081264e+00
3.600521994018554661e+00
3.587593355560302566e+00
3.575713648223877161e+00
3.563976866149902278e+00
3.552813957977294823e+00
3.541286862182617234e+00
3.531103720855712780e+00
3.519310167312621918e+00
3.509821523284911926e+00
3.500337309265136643e+00
3.488908685302734458e+00
3.477864909362792911e+00
3.468761680603027475e+00
3.458631506347656259e+00
3.449220703124999954e+00
3.439901876068115261e+00
3.431125598907470486e+00
3.420883156204223674e+00
3.412460990905761715e+00
3.402618161010741993e+00
3.394750249481201188e+00
3.385040411376952996e+00
3.376749877166747904e+00
3.367210465240478623e+00
3.359483782196044821e+00
3.350228337860107430e+00
3.342935352325439258e+00
3.333768790817260630e+00
3.326501566314697289e+00
3.317896292114257850e+00
3.309690532684326225e+00
3.302108411026000834e+00
3.293726276016235133e+00
3.286540549468994321e+00
3.278500468444824012e+00
3.270649106216430457e+00
3.262846732330322297e+00
3.255974909973144538e+00
3.247731962585449050e+00
3.240974964523315460e+00
3.233633685302734317e+00
3.225921761322021464e+00
