8.726000189781188965e-01
9.273999929428100586e-01
9.337999820709228516e-01
9.448999762535095215e-01
9.587000012397766113e-01
9.628000259399414062e-01
9.656999707221984863e-01
9.715999960899353027e-01
9.814000129699707031e-01
9.811000227928161621e-01
9.843000173568725586e-01
9.868999719619750977e-01
9.882000088691711426e-01
9.879999756813049316e-01
9.908000230789184570e-01
9.916999936103820801e-01
9.904999732971191406e-01
9.919999837875366211e-01
9.947000145912170410e-01
9.930999875068664551e-01
9.945999979972839355e-01
9.958000183105468750e-01
9.937000274658203125e-01
9.927999973297119141e-01
9.940999746322631836e-01
9.921000003814697266e-01
9.962999820709228516e-01
9.933000206947326660e-01
