8.948000073432922363e-01
9.488000273704528809e-01
9.739999771118164062e-01
9.901000261306762695e-01
9.943000078201293945e-01
9.986000061035156250e-01
1.000000000000000000e+00
1.000000000000000000e+00
1.000000000000000000e+00
1.000000000000000000e+00
1.000000000000000000e+00
9.559999704360961914e-01
9.894000291824340820e-01
9.926999807357788086e-01
9.962999820709228516e-01
9.968000054359436035e-01
9.998999834060668945e-01
1.000000000000000000e+00
1.000000000000000000e+00
1.000000000000000000e+00
1.000000000000000000e+00
1.000000000000000000e+00
1.000000000000000000e+00
1.000000000000000000e+00
1.000000000000000000e+00
1.000000000000000000e+00
1.000000000000000000e+00
1.000000000000000000e+00
9.472000002861022949e-01
9.844999909400939941e-01
9.926999807357788086e-01
9.981999993324279785e-01
1.000000000000000000e+00
1.000000000000000000e+00
1.000000000000000000e+00
1.000000000000000000e+00
1.000000000000000000e+00
1.000000000000000000e+00
1.000000000000000000e+00
