2.831699132919311523e+00
1.927714393615722610e+00
1.378274523925781203e+00
1.033411231040954670e+00
8.177631304740905493e-01
6.690282462120056284e-01
5.621646959304809066e-01
4.876303876399993853e-01
4.379230062961578240e-01
3.996099737167358446e-01
3.692743113994598203e-01
3.475134843349456659e-01
3.251931370258331344e-01
3.059086141109466639e-01
2.933284490585327253e-01
2.769299999475479113e-01
2.705639196872711150e-01
2.631147433757781706e-01
2.606752918481826664e-01
2.444918480157852181e-01
2.415365103244781486e-01
2.389982729911804271e-01
2.290329419136047373e-01
2.259813803434372048e-01
2.252258948802947913e-01
2.238210114479065038e-01
2.125496526956558163e-01
2.179886792182922362e-01
2.116598163843154967e-01
2.072312381267547576e-01
