8.618000149726867676e-01
9.431999921798706055e-01
9.743000268936157227e-01
9.965999722480773926e-01
9.990000128746032715e-01
1.000000000000000000e+00
1.000000000000000000e+00
1.000000000000000000e+00
1.000000000000000000e+00
1.000000000000000000e+00
9.837999939918518066e-01
9.465000033378601074e-01
9.902999997138977051e-01
9.940999746322631836e-01
9.983999729156494141e-01
9.995999932289123535e-01
1.000000000000000000e+00
1.000000000000000000e+00
1.000000000000000000e+00
1.000000000000000000e+00
1.000000000000000000e+00
1.000000000000000000e+00
1.000000000000000000e+00
1.000000000000000000e+00
1.000000000000000000e+00
1.000000000000000000e+00
1.000000000000000000e+00
1.000000000000000000e+00
9.829000234603881836e-01
9.431999921798706055e-01
9.735000133514404297e-01
9.904999732971191406e-01
9.977999925613403320e-01
9.997000098228454590e-01
1.000000000000000000e+00
1.000000000000000000e+00
1.000000000000000000e+00
1.000000000000000000e+00
1.000000000000000000e+00
1.000000000000000000e+00
