2.855900562286377120e+00
1.849018551254272502e+00
1.236776753807067974e+00
8.505882179260253473e-01
6.079899003982544015e-01
4.436115431785583318e-01
3.265104990482330383e-01
2.409274252653121895e-01
1.779629632472991829e-01
1.318927194952964899e-01
9.850122517347335849e-02
2.320997163534164465e-01
1.504574205279350374e-01
9.653217344284058254e-02
8.590407639741898249e-02
7.781219546794891639e-02
7.506453794240951216e-02
7.727389066219329805e-02
9.639794447422027346e-02
6.882427428960799509e-02
6.258658190369606467e-02
5.903944348096847733e-02
