2.789424377822876000e+00
1.863416963958740125e+00
1.287754273796081650e+00
9.221760871887206834e-01
6.944687014579773443e-01
5.471859954833984130e-01
4.525490837574004943e-01
3.759989537239074586e-01
3.183833563327789218e-01
2.834739501953125185e-01
2.540478072404861454e-01
2.389179944992065319e-01
2.224461891651153544e-01
1.923795733451843237e-01
1.809584253311157243e-01
1.650053860664367766e-01
1.597262153625488290e-01
1.613266022682189882e-01
1.446841621279716383e-01
1.299190599560737513e-01
1.230482743978500298e-01
1.206311776995658835e-01
1.087138412952423083e-01
1.110201409935951261e-01
1.126579672694206224e-01
1.009315424680709838e-01
8.692790522575379042e-02
1.043367668509483370e-01
9.171556602716446349e-02
7.870426758527755695e-02
7.873138182163239018e-02
8.414895001649856654e-02
7.024374448060989595e-02
6.850503937005997246e-02
7.570583941936492867e-02
6.755918516516686012e-02
5.913851608037948293e-02
6.997579172849655027e-02
5.916866597533226163e-02
6.269056514501571142e-02
5.510760318636893917e-02
5.059460997581481656e-02
6.295224925279617467e-02
5.056714090108871407e-02
4.679281100630760387e-02
4.256544896364212321e-02
4.391054174900054646e-02
5.864182064533233346e-02
4.972200554013252172e-02
4.346989822387695157e-02
