2.778336634063720556e+00
1.832952226066589363e+00
1.243468981552124042e+00
8.663733432769775700e-01
6.354671694755553712e-01
4.782704967498779269e-01
3.653811060905456376e-01
2.813700874328613488e-01
2.159135222911834628e-01
1.647699147224426230e-01
1.253423747062683002e-01
2.366697484731674073e-01
1.334976656198501588e-01
1.209987754344940131e-01
1.041344368100166340e-01
9.798247576951980842e-02
8.506622039079665687e-02
7.898145045042037626e-02
7.314894485473633079e-02
6.736219776868819509e-02
6.143242519497871257e-02
5.543346374630928053e-02
4.943284721374511387e-02
4.353257273435592878e-02
3.782355555891990517e-02
3.243238030076026762e-02
2.746476571559906127e-02
2.301101677417755065e-02
1.752456571936607255e-01
6.917349125742912330e-02
4.727000947594642982e-02
3.161331920921802568e-02
2.444581889212131542e-02
2.270043982863426124e-02
2.161269576549530030e-02
2.064848888218403025e-02
1.969376169145107408e-02
1.871801693737506697e-02
1.770383129715919629e-02
