8.959000110626220703e-01
9.355999827384948730e-01
9.483000040054321289e-01
9.537000060081481934e-01
9.629999995231628418e-01
9.679999947547912598e-01
9.695000052452087402e-01
9.750999808311462402e-01
9.772999882698059082e-01
9.774000048637390137e-01
9.832000136375427246e-01
9.850000143051147461e-01
9.843999743461608887e-01
9.858999848365783691e-01
9.854000210762023926e-01
9.866999983787536621e-01
9.887999892234802246e-01
9.897999763488769531e-01
9.914000034332275391e-01
9.911000132560729980e-01
9.890000224113464355e-01
9.926000237464904785e-01
9.934999942779541016e-01
9.894000291824340820e-01
9.959999918937683105e-01
9.951999783515930176e-01
9.940999746322631836e-01
9.919000267982482910e-01
9.936000108718872070e-01
9.897999763488769531e-01
9.941999912261962891e-01
9.963999986648559570e-01
9.911000132560729980e-01
