8.916000127792358398e-01
9.463000297546386719e-01
9.650999903678894043e-01
9.758999943733215332e-01
9.833999872207641602e-01
9.868000149726867676e-01
9.876999855041503906e-01
9.918000102043151855e-01
9.965000152587890625e-01
9.934999942779541016e-01
9.943000078201293945e-01
9.905999898910522461e-01
9.894000291824340820e-01
9.966999888420104980e-01
9.950000047683715820e-01
9.962999820709228516e-01
9.934999942779541016e-01
9.905999898910522461e-01
9.947000145912170410e-01
9.969999790191650391e-01
9.957000017166137695e-01
9.948999881744384766e-01
9.973000288009643555e-01
9.944999814033508301e-01
9.929000139236450195e-01
9.961000084877014160e-01
9.993000030517578125e-01
9.922999739646911621e-01
9.951000213623046875e-01
9.984999895095825195e-01
9.973999857902526855e-01
9.947000145912170410e-01
9.980999827384948730e-01
9.980999827384948730e-01
9.940999746322631836e-01
9.973999857902526855e-01
9.991999864578247070e-01
9.944999814033508301e-01
9.983000159263610840e-01
9.963999986648559570e-01
9.981999993324279785e-01
9.990000128746032715e-01
9.936000108718872070e-01
9.981999993324279785e-01
9.990000128746032715e-01
9.997000098228454590e-01
9.981999993324279785e-01
9.930999875068664551e-01
9.966999888420104980e-01
9.981999993324279785e-01
