2.793253989410400262e+00
1.888099672698974718e+00
1.334047289657592783e+00
9.814964843750000334e-01
7.535649906158446987e-01
6.004416827201842777e-01
4.983395346641540380e-01
4.128911516666412540e-01
3.556655370235443092e-01
3.161231860637664925e-01
2.786288325309753677e-01
2.532412839889526257e-01
2.292318068027496270e-01
2.037285137653350731e-01
1.920877785921096814e-01
1.733827096700668313e-01
1.719738558530807537e-01
1.579532630920410241e-01
1.397532165288925265e-01
1.423757853746414059e-01
1.266806383252143953e-01
1.280351867914199804e-01
1.126670226812362674e-01
1.064646338582038859e-01
1.034715978145599319e-01
1.043569148778915462e-01
9.138851070404052646e-02
9.461100144386291877e-02
9.147088609933852477e-02
7.954296944141388270e-02
7.279959766864776971e-02
8.920584701299667796e-02
7.505783946514130167e-02
6.756792080998420824e-02
7.084123324751853690e-02
7.945322999358177263e-02
5.874271386265754458e-02
6.123557875156402514e-02
6.120255799889564446e-02
5.605234647989273261e-02
6.723217723369598331e-02
5.367121067643165766e-02
5.439168843626975697e-02
5.017353587150573391e-02
4.825267748832702541e-02
5.280381292104720931e-02
4.467550501227379040e-02
4.087185808420181615e-02
5.765921801328659224e-02
4.421856750845909456e-02
