8.873000144958496094e-01
9.266999959945678711e-01
9.391999840736389160e-01
9.485999941825866699e-01
9.548000097274780273e-01
9.574000239372253418e-01
9.659000039100646973e-01
9.714999794960021973e-01
9.721999764442443848e-01
9.699000120162963867e-01
9.710000157356262207e-01
9.714999794960021973e-01
9.743000268936157227e-01
9.758999943733215332e-01
9.756000041961669922e-01
9.807999730110168457e-01
9.771999716758728027e-01
9.785000085830688477e-01
9.776999950408935547e-01
9.811000227928161621e-01
9.789999723434448242e-01
9.751999974250793457e-01
9.804000258445739746e-01
9.797999858856201172e-01
9.753000140190124512e-01
9.790999889373779297e-01
9.794999957084655762e-01
9.807000160217285156e-01
9.817000031471252441e-01
9.807000160217285156e-01
