8.475999832153320312e-01
9.089000225067138672e-01
9.510999917984008789e-01
9.815999865531921387e-01
9.850000143051147461e-01
9.918000102043151855e-01
9.937000274658203125e-01
9.905999898910522461e-01
9.929000139236450195e-01
9.925000071525573730e-01
9.907000064849853516e-01
9.901999831199645996e-01
9.941999912261962891e-01
9.955000281333923340e-01
9.965000152587890625e-01
9.937000274658203125e-01
9.916999936103820801e-01
9.944000244140625000e-01
9.941999912261962891e-01
9.976999759674072266e-01
9.972000122070312500e-01
9.936000108718872070e-01
9.952999949455261230e-01
9.952999949455261230e-01
9.980999827384948730e-01
9.957000017166137695e-01
9.933000206947326660e-01
9.955999851226806641e-01
9.959999918937683105e-01
9.959999918937683105e-01
