2.751472777557372851e+00
1.796792451477050800e+00
1.214202368164062573e+00
8.593682289123535378e-01
6.358777148246764765e-01
4.986803149223327791e-01
4.128413196086883619e-01
3.484649300098419111e-01
3.063422408103942951e-01
2.680223264217376777e-01
2.420141318798065266e-01
2.217579111576080397e-01
2.002534480333328371e-01
1.886396533250808694e-01
1.717024704456329431e-01
1.694443650722503580e-01
1.553897684574127303e-01
1.419548082351684559e-01
1.370212913274765076e-01
1.292253041863441476e-01
1.210841184496879580e-01
1.175843579530715943e-01
1.080824706673622071e-01
1.004053478479385308e-01
1.067601006984710693e-01
1.086151853919029298e-01
9.246051977872848937e-02
8.205336391925811823e-02
8.182342033386230673e-02
9.272692278623581585e-02
8.300203397274016903e-02
7.312731180191039959e-02
7.705685312747954929e-02
