2.873343825531005979e+00
1.879053779411316016e+00
1.275967692756652783e+00
8.841665157318114865e-01
6.381325958251953256e-01
4.697654211044311467e-01
3.488983712196350173e-01
2.601523376464843773e-01
1.941060499668121331e-01
1.449404357910156205e-01
1.747387185931205678e-01
2.412722183108329810e-01
1.256146407127380349e-01
1.121409228801727304e-01
9.631360125541686690e-02
8.676775625944137260e-02
8.103963252305984577e-02
7.571163942813873005e-02
7.050559929609298560e-02
6.511369874477386521e-02
5.954668557643890553e-02
5.386740952134132232e-02
4.816092963218689127e-02
4.251620930433273188e-02
3.704764259457588027e-02
3.186524486541748163e-02
2.705811424255371092e-02
2.271566557586193053e-02
9.942378717958927359e-02
1.716205169677734454e-01
8.948876078724861405e-02
5.144856917262077139e-02
3.239998280405997910e-02
2.387235215306281882e-02
2.085685837864875714e-02
1.959865030646324238e-02
1.871035175025462932e-02
1.787962027788162281e-02
1.706439978480338987e-02
1.623601585030555808e-02
