2.767791461181640766e+00
1.863370841217041107e+00
1.311352027511596630e+00
9.653255882263183096e-01
7.384934788703918507e-01
5.948713733673095527e-01
4.881994481563567967e-01
4.181802558898926048e-01
3.596811594486236663e-01
3.162752677440643367e-01
2.853355120658874755e-01
2.601369193077087139e-01
2.303321223258972261e-01
2.146909224987030018e-01
1.994874188661575343e-01
1.816691308736801125e-01
1.705555668115615875e-01
1.643619828462600796e-01
1.475661730885505785e-01
1.419241545677185079e-01
1.347619593143463135e-01
1.309381439208984477e-01
1.207829130649566707e-01
1.263872995615005490e-01
1.194736201524734531e-01
1.096832369089126569e-01
9.963231792449951663e-02
1.017798989653587310e-01
9.156756784915924541e-02
9.344608530998230189e-02
9.160918198823929381e-02
8.574527614116668472e-02
8.534547916650772614e-02
8.243744875192642041e-02
7.974818481206893961e-02
7.733418555259705118e-02
7.225930184125900491e-02
7.658969757556914615e-02
