8.791000247001647949e-01
9.430000185966491699e-01
9.702000021934509277e-01
9.872000217437744141e-01
9.955000281333923340e-01
9.904000163078308105e-01
9.944000244140625000e-01
9.966999888420104980e-01
9.868000149726867676e-01
9.983999729156494141e-01
1.000000000000000000e+00
1.000000000000000000e+00
1.000000000000000000e+00
1.000000000000000000e+00
1.000000000000000000e+00
1.000000000000000000e+00
1.000000000000000000e+00
1.000000000000000000e+00
1.000000000000000000e+00
9.598000049591064453e-01
9.864000082015991211e-01
9.950000047683715820e-01
9.994000196456909180e-01
1.000000000000000000e+00
1.000000000000000000e+00
1.000000000000000000e+00
1.000000000000000000e+00
1.000000000000000000e+00
1.000000000000000000e+00
1.000000000000000000e+00
1.000000000000000000e+00
1.000000000000000000e+00
1.000000000000000000e+00
1.000000000000000000e+00
1.000000000000000000e+00
1.000000000000000000e+00
