8.945000171661376953e-01
9.301000237464904785e-01
9.435999989509582520e-01
9.494000077247619629e-01
9.546999931335449219e-01
9.552999734878540039e-01
9.610999822616577148e-01
9.627000093460083008e-01
9.664999842643737793e-01
9.696999788284301758e-01
9.695000052452087402e-01
9.696999788284301758e-01
9.769999980926513672e-01
9.765999913215637207e-01
9.760000109672546387e-01
9.804000258445739746e-01
9.799000024795532227e-01
9.815000295639038086e-01
9.829000234603881836e-01
9.844999909400939941e-01
9.851999878883361816e-01
9.854000210762023926e-01
9.860000014305114746e-01
9.824000000953674316e-01
9.846000075340270996e-01
9.861999750137329102e-01
9.907000064849853516e-01
9.875000119209289551e-01
9.904000163078308105e-01
9.889000058174133301e-01
9.882000088691711426e-01
9.891999959945678711e-01
9.884999990463256836e-01
9.894999861717224121e-01
9.905999898910522461e-01
9.898999929428100586e-01
9.912999868392944336e-01
9.897000193595886230e-01
