8.558999896049499512e-01
9.434000253677368164e-01
9.756000041961669922e-01
9.947999715805053711e-01
9.994000196456909180e-01
1.000000000000000000e+00
1.000000000000000000e+00
1.000000000000000000e+00
1.000000000000000000e+00
1.000000000000000000e+00
1.000000000000000000e+00
9.506999850273132324e-01
9.735999703407287598e-01
9.941999912261962891e-01
9.969000220298767090e-01
9.983000159263610840e-01
9.987000226974487305e-01
9.968000054359436035e-01
9.897000193595886230e-01
9.990000128746032715e-01
1.000000000000000000e+00
1.000000000000000000e+00
