2.894827992248535153e+00
1.939498585128784258e+00
1.324712188148498448e+00
9.274729534149169785e-01
6.985571568489075123e-01
5.435002678871154735e-01
4.448516955852508392e-01
3.824400460243225219e-01
3.313112978458404578e-01
2.986245425224304251e-01
2.755879618406295584e-01
2.599469422340393021e-01
2.304574185371398853e-01
2.096647037506103595e-01
1.959478538513183543e-01
1.914121462345123315e-01
1.866609883069992037e-01
1.703480566501617555e-01
1.615421494722366347e-01
1.454738018512725939e-01
1.382015372514724671e-01
1.392367742180824208e-01
1.304950008153915320e-01
1.275325807452201976e-01
1.144364089250564515e-01
1.136771385312080329e-01
1.170305683612823527e-01
1.085245029926300009e-01
1.018767992138862599e-01
9.847643176317215363e-02
