2.788966598510742134e+00
1.875477710342407178e+00
1.316854997253418036e+00
9.582297340393066687e-01
7.292642492294311163e-01
5.814404799461364570e-01
4.746592511653900393e-01
3.983742796421050891e-01
3.400247757434844975e-01
3.075507643222809007e-01
2.666129795551300252e-01
2.381831717729568365e-01
2.215524734973907395e-01
1.988115615367889444e-01
1.897103579998016265e-01
1.716092712402343679e-01
1.568121878385543844e-01
1.482538171529770021e-01
1.365827048540115274e-01
1.298582057714462168e-01
1.319685842394828779e-01
1.146268115997314402e-01
1.112477558970451363e-01
1.156905378341674812e-01
9.525141566991805753e-02
9.332702813148498200e-02
9.341432114839554046e-02
9.648834191560745621e-02
8.703907625675201543e-02
9.354703170061111350e-02
8.107670086622238703e-02
7.218404353857039990e-02
8.692647663354872989e-02
