2.784344165802001836e+00
1.830396526718139683e+00
1.242424149513244647e+00
8.771818521499633592e-01
6.367820576667785337e-01
4.856668494224548605e-01
3.870247750282287402e-01
3.389290887832641652e-01
2.738824845314025702e-01
2.356291469573974506e-01
2.328878041267395116e-01
2.036949967861175492e-01
1.759718250513076787e-01
1.563075258493423492e-01
1.401532533168792782e-01
1.250334206938743531e-01
1.101931098818779015e-01
9.585630307197570699e-02
8.223737007379532116e-02
6.962463377714156465e-02
5.820866908431052839e-02
4.814057650566101049e-02
1.392654316067695741e-01
1.075789121985435554e-01
5.965517297983169431e-02
5.026186558604240490e-02
4.780088604688644688e-02
4.185668172240257501e-02
5.985807290077209408e-02
5.869582799673080109e-02
3.932810217738151592e-02
4.397133504152297978e-02
4.288008123636245783e-02
4.781391817927360677e-02
4.590937837362289720e-02
