2.825212986373901281e+00
1.900010080718994132e+00
1.350279999923706065e+00
9.955341037750243816e-01
7.621379154205322193e-01
6.062777231216430751e-01
5.086632040023804091e-01
4.293422666549682742e-01
3.569006669521331832e-01
3.177114364624023524e-01
2.788470067024230725e-01
2.485345935106277604e-01
2.268467699050903397e-01
2.108757785558700582e-01
1.886326091289520224e-01
1.757577672004699831e-01
1.657606205463409421e-01
1.534867958784103259e-01
1.384898797512054414e-01
1.340410030722617996e-01
1.254589146137237432e-01
1.154638005971908576e-01
1.149985333919525121e-01
1.101674453258514458e-01
1.023452070951461762e-01
1.066510831594467135e-01
9.104997432231902443e-02
9.710383043289184946e-02
