8.968999981880187988e-01
9.510999917984008789e-01
9.721999764442443848e-01
9.857000112533569336e-01
9.934999942779541016e-01
9.973000288009643555e-01
9.955999851226806641e-01
9.911999702453613281e-01
9.987000226974487305e-01
9.993000030517578125e-01
9.898999929428100586e-01
9.925000071525573730e-01
9.980999827384948730e-01
9.998999834060668945e-01
1.000000000000000000e+00
1.000000000000000000e+00
1.000000000000000000e+00
1.000000000000000000e+00
1.000000000000000000e+00
1.000000000000000000e+00
1.000000000000000000e+00
1.000000000000000000e+00
9.718999862670898438e-01
9.764000177383422852e-01
9.947000145912170410e-01
9.979000091552734375e-01
9.975000023841857910e-01
9.994999766349792480e-01
9.932000041007995605e-01
9.937000274658203125e-01
9.997000098228454590e-01
9.981999993324279785e-01
9.977999925613403320e-01
9.948999881744384766e-01
9.958999752998352051e-01
