2.796138172531128063e+00
1.836656429290771442e+00
1.247136861038208089e+00
8.736440759658813393e-01
6.346433637619018908e-01
4.976988409996032647e-01
4.047829978942871221e-01
3.356581664562225398e-01
3.162639397621154758e-01
2.583530961751938082e-01
2.252336691617965736e-01
1.974305632352829076e-01
1.712718442916870143e-01
1.465696939706802315e-01
1.236492225885391233e-01
1.029008833646774257e-01
8.456714055538178121e-02
6.878047145605087342e-02
5.562303067445754923e-02
1.736251597881317277e-01
9.189770528674125194e-02
6.838050167560577597e-02
5.260690434575080593e-02
4.688928685784339578e-02
4.453088409304618855e-02
4.229402568936348195e-02
4.012404640913009440e-02
3.789976607561111599e-02
3.556480388641357349e-02
3.312059128880500553e-02
3.058194428086280850e-02
2.796741191446781155e-02
2.531729010939598110e-02
2.267403064072132102e-02
2.008140513002872399e-02
1.758357862532138743e-02
