3.065320524978637717e+00
2.091227437591552718e+00
1.497141608047485306e+00
1.139347842788696274e+00
9.237500518798827942e-01
7.958568856239318645e-01
7.173546772956848061e-01
6.696391475677490046e-01
6.374996551513671950e-01
6.156252171516418681e-01
6.011745510101318413e-01
5.893873471260070440e-01
5.811321005821228347e-01
5.741990082740783263e-01
5.699101685523987326e-01
5.653571992874145691e-01
5.619576387405395002e-01
5.578437088966369251e-01
5.560967906951904682e-01
5.541956779479980666e-01
5.525341793060303264e-01
5.501122856140137074e-01
5.479443409919738661e-01
5.462036273956298871e-01
5.445706232070922637e-01
5.440929529190063896e-01
5.417933598518371863e-01
5.418392929077148201e-01
