8.931000232696533203e-01
9.334999918937683105e-01
9.492999911308288574e-01
9.575999975204467773e-01
9.670000076293945312e-01
9.720000028610229492e-01
9.745000004768371582e-01
9.804000258445739746e-01
9.847000241279602051e-01
9.830999970436096191e-01
9.868000149726867676e-01
9.876999855041503906e-01
9.897000193595886230e-01
9.923999905586242676e-01
9.919000267982482910e-01
9.930999875068664551e-01
9.901000261306762695e-01
9.915000200271606445e-01
9.959999918937683105e-01
9.926000237464904785e-01
9.951000213623046875e-01
9.930999875068664551e-01
9.958999752998352051e-01
9.962999820709228516e-01
9.954000115394592285e-01
9.940999746322631836e-01
9.973000288009643555e-01
9.939000010490417480e-01
9.944999814033508301e-01
9.976999759674072266e-01
9.990000128746032715e-01
9.926000237464904785e-01
9.963999986648559570e-01
9.976999759674072266e-01
9.959999918937683105e-01
9.934999942779541016e-01
9.987000226974487305e-01
9.969999790191650391e-01
9.963999986648559570e-01
9.979000091552734375e-01
9.932000041007995605e-01
9.980000257492065430e-01
9.966999888420104980e-01
9.980999827384948730e-01
9.979000091552734375e-01
9.958999752998352051e-01
9.980999827384948730e-01
9.990000128746032715e-01
9.943000078201293945e-01
9.969999790191650391e-01
