8.931999802589416504e-01
9.395999908447265625e-01
9.646999835968017578e-01
9.786000251770019531e-01
9.871000051498413086e-01
9.901000261306762695e-01
9.904999732971191406e-01
9.929000139236450195e-01
9.926999807357788086e-01
9.940999746322631836e-01
9.937000274658203125e-01
9.933999776840209961e-01
9.951000213623046875e-01
9.936000108718872070e-01
9.957000017166137695e-01
9.927999973297119141e-01
9.940999746322631836e-01
9.962999820709228516e-01
9.954000115394592285e-01
9.961000084877014160e-01
9.963999986648559570e-01
9.957000017166137695e-01
9.973999857902526855e-01
9.976999759674072266e-01
9.944000244140625000e-01
9.922000169754028320e-01
9.970999956130981445e-01
9.998999834060668945e-01
9.980000257492065430e-01
9.941999912261962891e-01
9.954000115394592285e-01
9.986000061035156250e-01
9.955999851226806641e-01
